 # Reading in ../long_data.csv
 # length of input table         9999 x          40
 # length of work table        19998 x          22
 # Reading in ../df08_plantList.csv
 # length of input table          802 x          11
 # Coverting inputs to radians
 # merging observations of the same object on the same exposure
 # Working with         1103  source measurements
 # Will now do search through the input table to find linkable sources
# First Pass
  KBO_ID   N_OBS    RATE   ANGLE   STDEV    NCOR   RRATE  RANGLE    RMAG
# Second Pass
  KBO_ID   N_OBS    RATE   ANGLE   STDEV    NCOR   RRATE  RANGLE    RMAG
   35674      42    2.89 -171.88    0.08       0    2.73    2.73   23.19
   21638       4    4.06  144.85    0.24       0    2.90    2.90   22.05
   42913      40    3.17 -172.23    0.07       0    3.02    3.02   23.64
   66958      36    2.14 -172.61    0.22       0    2.02    2.02   24.90
   66958       3    2.57 -127.56    0.49       0    2.02    2.02   24.90
   66958       7    3.10   24.75    0.66       0    2.02    2.02   24.90
   57393       5    4.19  -57.93    0.19       0    2.91    2.91   26.27
   57393       9    4.20  -86.78    0.69       1    2.91    2.91   26.27
   57393       4   12.94 -111.09    0.76       0    2.91    2.91   26.27
   57393       3    5.63  -62.72    0.88       0    2.91    2.91   26.27
   57393       4    3.59 -114.17    0.76       0    2.91    2.91   26.27
   57393       5    6.29  -86.44    0.47       0    2.91    2.91   26.27
   57393       3   11.32   92.40    0.65       1    2.91    2.91   26.27
   46717       4    8.24 -157.77    0.35       1    3.18    3.18   25.16
   46717       3    9.26 -173.97    0.92       1    3.18    3.18   25.16
   46717       3    2.45 -126.21    0.22       1    3.18    3.18   25.16
   57393       4    3.73  -45.72    0.36       0    2.91    2.91   26.27
   57393       5   13.32  -96.14    0.61       0    2.91    2.91   26.27
   33986      31    2.85 -173.08    0.06       0    2.66    2.66   23.15
   86181       7    0.28  -56.82    0.10       0    1.30    1.30   26.06
   86181      21    0.86  116.25    0.31       1    1.30    1.30   26.06
   56535      26    2.84 -172.27    0.06       0    2.68    2.68   23.01
   48898      25    3.30 -172.66    0.13       0    3.06    3.06   23.95
   95370       3    7.22   66.68    0.22       0    3.05    3.05   26.74
   95370       7    9.86  -71.79    0.58       2    3.05    3.05   26.74
   95370       4    8.57  -67.30    0.38       2    3.05    3.05   26.74
   95370       3    6.78 -102.79    0.69       2    3.05    3.05   26.74
   95370       4    7.53 -115.48    0.64       1    3.05    3.05   26.74
   95370      10    3.27   20.88    0.55       0    3.05    3.05   26.74
   95370       9    1.00  -21.33    0.31       0    3.05    3.05   26.74
   95370      10    3.28  -62.36    0.45       2    3.05    3.05   26.74
   95370       3    7.12  -86.67    0.69       0    3.05    3.05   26.74
   95370       4    5.25 -111.28    0.73       0    3.05    3.05   26.74
   95370       3    9.43   24.65    0.81       1    3.05    3.05   26.74
   48208       7    3.11 -177.32    0.46       0    3.11    3.11   24.93
   54813       4    1.80  171.94    0.29       0    2.60    2.60   25.09
   54626      25    3.01 -172.48    0.07       0    2.86    2.86   23.71
   54813       3    7.70   12.66    0.36       0    2.60    2.60   25.09
   21466      42    2.92 -172.68    0.06       0    2.74    2.74   22.71
   21466       3    5.01  -17.36    0.28       0    2.74    2.74   22.71
   30302      43    2.88 -171.50    0.06       0    2.70    2.70   22.52
   56577       4    5.27  -70.21    0.75       1    2.86    2.86   25.00
    3810       8    4.09 -178.67    0.46       0    2.81    2.81   25.83
   56577       5    4.91  -78.81    0.32       2    2.86    2.86   25.00
   45377       4    5.54   65.32    0.34       1    2.89    2.89   26.21
   45377       3    9.91 -161.52    0.65       0    2.89    2.89   26.21
   56577       3    9.22  -63.99    0.89       1    2.86    2.86   25.00
   45377       4    4.25 -120.30    0.35       0    2.89    2.89   26.21
   45377       5    5.78   94.91    0.39       2    2.89    2.89   26.21
   45377       3    3.36  -32.67    0.85       0    2.89    2.89   26.21
   56577       4   11.68  -75.97    0.68       2    2.86    2.86   25.00
    3810       4   15.89   45.41    0.53       0    2.81    2.81   25.83
    3810       5    3.16  130.16    0.35       0    2.81    2.81   25.83
   43309      39    2.90 -171.11    0.09       0    2.80    2.80   22.06
   92019      23    3.40 -169.57    0.05       0    3.20    3.20   22.38
   59106       3    4.65 -161.44    0.80       0    2.75    2.75   25.58
   59106       4    9.53 -165.97    0.60       0    2.75    2.75   25.58
   61034      44    2.15 -173.69    0.08       0    2.00    2.00   23.63
   61034       4    0.60  -77.61    0.22       0    2.00    2.00   23.63
    9694      24    2.94 -172.63    0.07       0    2.77    2.77   23.54
   97112       8    2.14 -172.89    0.15       0    2.81    2.81   24.61
   97107      26    2.73 -170.71    0.08       0    2.60    2.60   22.03
   21420      43    2.78 -173.66    0.07       1    2.95    2.95   23.06
   21420      19    3.27 -173.97    0.25       0    2.95    2.95   23.06
   50595      27    2.93 -172.07    0.06       0    2.80    2.80   22.18
   69931      41    1.92 -174.08    0.08       0    1.81    1.81   22.22
   53959       3    0.09  -26.73    0.65       0    2.86    2.86   26.63
   57393       6    0.51   67.16    0.35       0    2.91    2.91   26.27
   48898       3   11.69  -86.45    0.73       1    3.06    3.06   23.95
   95370       3    5.04 -118.22    0.52       0    3.05    3.05   26.74
   95370       3    6.89  -83.90    0.90       0    3.05    3.05   26.74
    3810       6    7.11   78.16    0.37       2    2.81    2.81   25.83
   45377       7    9.27  107.49    0.59       2    2.89    2.89   26.21
    8736       3   13.68 -175.85    0.45       0    3.02    3.02   25.06
